7.50406
2.81795
2.46824
1.79282
1.61795
1.34111
1.2312
1.07696
1.00056
0.901179
0.844836
0.775127
0.731838
0.680121
0.645825
0.605885
0.578051
0.546257
0.523223
0.497305
0.477931
0.456394
0.439877
0.421694
0.407446
0.39189
0.379476
0.366015
0.355103
0.343341
0.333674
0.323308
0.314686
0.305481
0.297743
0.289515
0.282532
0.275133
0.2688
0.26211
0.256341
0.250263
0.244986
0.23944
0.234594
0.229513
0.225048
0.220376
0.216248
0.211938
0.208111
0.204122
0.200564
0.196861
0.193545
0.190099
0.187
0.183785
0.180884
0.177877
0.175155
0.172337
0.169778
0.167131
0.164721
0.162231
0.159956
0.157609
0.15546
0.153244
0.151209
0.149113
0.147185
0.1452
0.143369
0.141486
0.139746
0.137957
0.136301
0.134601
0.133023
0.131403
0.129898
0.128354
0.126917
0.125443
0.124069
0.122661
0.121346
0.12
0.118741
0.117452
0.116245
0.11501
0.113851
0.112667
0.111554
